7 29
1 2 1 1 
3 4 1 1 0 0 0 1 1 1 0 0 0 1 
5 2 1 0 1 0 1 0 1 1 0 1 
1 1 1 
2 6 1 1 1 1 1 1 1 0 0 0 0 0 
4 3 1 1 0 1 1 0 0 1 1 0 1 1 
2 2 1 1 1 1 
3 3 1 1 0 0 1 0 0 1 1 
2 2 1 1 1 0 
7 5 0 0 0 1 1 0 0 1 1 0 0 1 1 0 0 1 1 0 0 0 1 1 0 0 0 0 1 1 0 0 0 1 1 1 0 
2 3 1 1 1 1 1 1 
3 5 0 1 1 0 0 1 1 1 1 1 0 0 0 1 1 
4 4 0 0 1 0 0 0 1 0 1 1 1 1 0 0 1 0 
3 6 0 0 0 0 0 1 0 0 1 0 1 1 1 1 1 1 1 1 
4 5 1 1 0 0 0 0 1 1 1 0 0 0 0 1 1 0 0 0 1 1 
1 4 1 1 1 1 
4 4 0 0 1 1 1 1 1 1 1 1 1 0 1 1 0 0 
2 5 1 1 1 1 1 0 0 1 1 1 
2 2 1 1 1 1 
2 2 0 1 1 1 
1 8 1 1 1 1 1 1 1 1 
7 9 1 1 0 0 0 0 0 0 0 0 1 1 0 0 0 0 0 0 0 0 1 1 0 0 0 0 0 0 0 0 1 1 1 1 1 0 0 0 0 0 0 1 1 1 1 0 0 0 0 1 1 1 0 0 0 0 0 0 1 1 0 0 0 
6 3 0 0 1 0 0 1 0 1 1 0 1 1 1 1 0 1 0 0 
5 4 0 0 0 1 0 0 0 1 0 0 1 1 0 0 1 1 1 1 1 1 
3 2 1 1 1 1 1 1 
4 4 0 0 1 1 0 0 0 1 1 0 0 1 1 1 1 1 
4 2 1 0 1 0 1 1 0 1 
2 7 0 0 0 1 0 0 0 1 1 1 1 1 1 1 
3 2 1 0 1 1 1 1
